New York,Los Angeles,Chicago,Minneapolis,Denver,Dallas,Seattle
-1, 2451, 713, 1018, 1631, 1374, 2408
2451, -1, 1745, 1524, 831, 1240, 959
713, 1745, -1, 355, 920, 803, 1737
1018, 1524, 355, -1, 700, 862, 1395
1631, 831, 920, 700, -1, 663, 1021
1374, 1240, 803, 862, 663, -1, 1681
2408, 959, 1737, 1395, 1021, 1681, -1
New York
